format long
ans=0.22334455+0.33221111