ans=0.134+0.05
ans/((18*6+1)/6-(14+11)/14-(2/15)*((2*7+6)/7))